glass,ls,weight,100,1,0.530516,0.765258,88,1,0.586854,0.793427,1.24866
glass,ls,eul,102,1,0.521127,0.398028,89,0.983871,0.58216,0.449969,1.06847
glass,ls,squared,104,1,0.511737,0.261875,86,0.984252,0.596244,0.344398,1.93838
iris,ls,weight,20,1,0.866667,0.933333,16,1,0.893333,0.946667,0.185843
iris,ls,squared,20,1,0.866667,0.751111,16,1,0.893333,0.798044,0.188509
iris,ls,eul,18,1,0.879195,0.819982,14,1,0.90604,0.858128,0.131422
blogger,ls,weight,22,1,0.592593,0.796296,22,1,0.592593,0.796296,0.04954
blogger,ls,eul,22,1,0.592593,0.470628,22,1,0.592593,0.470628,0.04982
blogger,ls,squared,22,1,0.592593,0.351166,22,1,0.592593,0.351166,0.049428
bcw,ls,weight,397,1,0.427128,0.713564,347,1,0.499278,0.749639,118.131
bcw,ls,eul,395,1,0.430836,0.31342,324,0.97027,0.533141,0.394276,157.111
bcw,ls,squared,396,1,0.428571,0.183673,301,0.941327,0.565657,0.283522,187.09
australian,ls,weight,364,1,0.472464,0.736232,308,1,0.553623,0.776812,132.739
australian,ls,eul,363,1,0.473913,0.352834,288,0.977612,0.582609,0.446667,169.003
australian,ls,squared,362,1,0.475362,0.225969,258,0.949074,0.626087,0.353077,250.249
pima,ls,weight,394,1,0.486979,0.74349,331,1,0.56901,0.784505,190.813
pima,ls,eul,398,1,0.481771,0.360208,315,0.977925,0.589844,0.454159,238.938
pima,ls,squared,398,1,0.481771,0.232103,321,0.988814,0.582031,0.331224,275.903
glass,ls,weight,99,1,0.535211,0.767606,91,1,0.57277,0.786385,1.35637
glass,ls,eul,101,1,0.525822,0.40264,82,0.969466,0.615023,0.474479,1.56236
glass,ls,squared,103,1,0.516432,0.266702,88,0.984,0.586854,0.333466,1.43898
iris,ls,weight,20,1,0.866667,0.933333,16,1,0.893333,0.946667,0.187224
iris,ls,squared,20,1,0.866667,0.751111,16,1,0.893333,0.798044,0.186607
iris,ls,eul,21,1,0.85906,0.792037,14,1,0.90604,0.858128,0.216089
blogger,ls,weight,22,1,0.592593,0.796296,22,1,0.592593,0.796296,0.049961
blogger,ls,eul,22,1,0.592593,0.470628,22,1,0.592593,0.470628,0.050068
blogger,ls,squared,22,1,0.592593,0.351166,22,1,0.592593,0.351166,0.05016
bcw,ls,weight,400,1,0.422799,0.7114,347,1,0.499278,0.749639,127.15
bcw,ls,eul,400,1,0.42446,0.307729,319,0.965426,0.541007,0.399181,174.678
bcw,ls,squared,398,1,0.425685,0.181208,302,0.956522,0.564214,0.291257,198.905
australian,ls,weight,364,1,0.472464,0.736232,308,1,0.553623,0.776812,152.053
australian,ls,eul,364,1,0.472464,0.35148,289,0.977556,0.581159,0.445177,160.827
australian,ls,squared,363,1,0.473913,0.224594,285,0.97284,0.586957,0.326058,202.514
pima,ls,weight,394,1,0.486979,0.74349,332,1,0.567708,0.783854,193.687
pima,ls,eul,398,1,0.481771,0.360208,324,0.990991,0.578125,0.45012,264.767
pima,ls,squared,396,1,0.484375,0.234619,316,0.984513,0.588542,0.335736,275.435
glass,ls,weight,97,1,0.544601,0.7723,89,1,0.58216,0.79108,1.04999
glass,ls,eul,102,1,0.521127,0.398028,88,1,0.586854,0.464606,1.53521
glass,ls,squared,100,1,0.530516,0.281448,86,0.984252,0.596244,0.344398,1.7254
iris,ls,weight,19,1,0.872483,0.936242,16,1,0.892617,0.946309,0.180942
iris,ls,squared,19,1,0.872483,0.761227,14,1,0.90604,0.820909,0.251881
iris,ls,eul,19,1,0.872483,0.810604,14,1,0.90604,0.858128,0.250341
blogger,ls,weight,26,1,0.422222,0.711111,22,1,0.511111,0.755556,0.040343
blogger,ls,eul,26,1,0.422222,0.30574,21,0.958333,0.533333,0.388262,0.040337
blogger,ls,squared,26,1,0.422222,0.178272,22,1,0.511111,0.261235,0.041069
bcw,ls,weight,401,1,0.42219,0.711095,346,1,0.501441,0.750721,136.02
bcw,ls,eul,396,1,0.428571,0.311395,317,0.960106,0.542569,0.397829,147.152
bcw,ls,squared,406,1,0.414141,0.171513,315,0.957672,0.545455,0.272867,200.268
australian,ls,weight,365,1,0.471014,0.735507,308,1,0.553623,0.776812,148.134
australian,ls,eul,362,1,0.475362,0.35419,299,0.98977,0.566667,0.437761,142.762
australian,ls,squared,365,1,0.471014,0.221855,261,0.951049,0.621739,0.349641,251.121
pima,ls,weight,399,1,0.480469,0.740234,336,1,0.5625,0.78125,199.823
pima,ls,eul,402,1,0.476562,0.355314,325,0.990971,0.576823,0.448777,242.797
pima,ls,squared,400,1,0.479167,0.229601,321,0.988814,0.582031,0.331224,312.927
glass,ls,weight,101,1,0.525822,0.762911,89,1,0.58216,0.79108,1.42325
glass,ls,eul,100,1,0.530516,0.407274,84,0.992248,0.605634,0.479451,2.48931
glass,ls,squared,99,1,0.535211,0.286451,86,0.984252,0.596244,0.344398,2.48546
iris,ls,weight,20,1,0.866667,0.933333,17,1,0.886667,0.943333,0.292791
iris,ls,squared,19,1,0.873333,0.762711,16,1,0.893333,0.798044,0.256231
iris,ls,eul,19,1,0.873333,0.811789,16,1,0.893333,0.839945,0.325554
blogger,ls,weight,23,1,0.596491,0.798246,23,1,0.596491,0.798246,0.124261
blogger,ls,eul,23,1,0.596491,0.47474,23,1,0.596491,0.47474,0.08998
blogger,ls,squared,25,1,0.509804,0.2599,22,1,0.568627,0.323337,0.066689
bcw,ls,weight,404,1,0.417027,0.708514,347,1,0.499278,0.749639,196.13
bcw,ls,eul,397,1,0.427128,0.310106,322,0.967655,0.535354,0.395005,296.947
bcw,ls,squared,401,1,0.421356,0.177541,317,0.962766,0.542569,0.272867,290.5
australian,ls,weight,364,1,0.472464,0.736232,308,1,0.553623,0.776812,201.033
australian,ls,eul,364,1,0.472464,0.35148,301,0.989717,0.563768,0.434809,213.714
australian,ls,squared,362,1,0.475362,0.225969,241,0.935412,0.650725,0.37051,308.339
pima,ls,weight,397,1,0.483073,0.741536,335,1,0.563802,0.781901,268.319
pima,ls,eul,400,1,0.479167,0.357758,322,0.988789,0.580729,0.451465,370.664
pima,ls,squared,398,1,0.481771,0.232103,312,0.982456,0.59375,0.340278,391.744
glass,ls,weight,98,1,0.539906,0.769953,89,1,0.58216,0.79108,1.31183
glass,ls,eul,100,1,0.530516,0.407274,88,1,0.586854,0.464606,2.19198
glass,ls,squared,102,1,0.521127,0.271573,86,0.992126,0.596244,0.349931,2.11186
iris,ls,weight,20,1,0.866667,0.933333,16,1,0.893333,0.946667,0.199042
iris,ls,squared,20,1,0.866667,0.751111,16,1,0.893333,0.798044,0.197969
iris,ls,eul,20,1,0.866667,0.802528,16,1,0.893333,0.839945,0.199092
blogger,ls,weight,24,1,0.538462,0.769231,22,1,0.576923,0.788462,0.067944
blogger,ls,eul,24,1,0.538462,0.415165,22,1,0.576923,0.454263,0.068314
blogger,ls,squared,24,1,0.538462,0.289941,22,1,0.576923,0.33284,0.067498
bcw,ls,weight,403,1,0.41847,0.709235,347,1,0.499278,0.749639,206.028
bcw,ls,eul,400,1,0.423631,0.306992,319,0.965333,0.540346,0.398506,316.469
bcw,ls,squared,397,1,0.427128,0.182439,300,0.951654,0.5671,0.291257,376.104
australian,ls,weight,363,1,0.473913,0.736957,306,1,0.556522,0.778261,203.446
australian,ls,eul,365,1,0.471014,0.350128,301,0.989717,0.563768,0.434809,216.038
australian,ls,squared,366,1,0.469565,0.220491,261,0.951049,0.621739,0.349641,273.138
pima,ls,weight,391,1,0.490885,0.745443,334,1,0.565104,0.782552,240.395
pima,ls,eul,397,1,0.483073,0.361436,312,0.97807,0.59375,0.458215,332.172
pima,ls,squared,398,1,0.481771,0.232103,313,0.98022,0.592448,0.337246,358.191
glass,ls,weight,99,1,0.535211,0.767606,86,1,0.596244,0.798122,11.8607
glass,ls,eul,98,1,0.539906,0.416606,82,0.969466,0.615023,0.474479,10.6426
glass,ls,squared,100,1,0.530516,0.281448,86,0.984252,0.596244,0.344398,11.7386
iris,ls,weight,21,1,0.85906,0.92953,16,1,0.892617,0.946309,1.20653
iris,ls,squared,21,1,0.85906,0.737985,13,0.992647,0.912752,0.820909,1.79174
iris,ls,eul,19,1,0.873333,0.811789,17,1,0.886667,0.830497,1.08331
blogger,ls,weight,22,1,0.62069,0.810345,22,1,0.62069,0.810345,0.392279
blogger,ls,eul,22,1,0.62069,0.500623,21,0.972973,0.637931,0.500623,0.390418
blogger,ls,squared,25,1,0.528302,0.279103,20,0.969697,0.622642,0.364543,0.354497
glass,ls,weight,100,1,0.530516,0.765258,89,1,0.58216,0.79108,8.96786
glass,ls,eul,98,1,0.539906,0.416606,84,0.976744,0.605634,0.469531,9.72513
glass,ls,squared,101,1,0.525822,0.276488,86,0.984252,0.596244,0.344398,10.8911
iris,ls,weight,22,1,0.853333,0.926667,16,1,0.893333,0.946667,1.82969
iris,ls,squared,19,1,0.873333,0.762711,18,1,0.88,0.7744,1.11005
iris,ls,eul,19,1,0.873333,0.811789,14,0.992647,0.906667,0.849456,1.26022
blogger,ls,weight,25,1,0.509804,0.754902,22,1,0.568627,0.784314,0.343786
blogger,ls,eul,25,1,0.509804,0.386994,22,1,0.568627,0.445703,0.344381
blogger,ls,squared,22,1,0.576923,0.33284,22,1,0.576923,0.33284,0.335628
glass,ls,weight,102,1,0.521127,0.760563,91,1,0.57277,0.786385,9.84313
glass,ls,eul,99,1,0.535211,0.411929,88,1,0.586854,0.464606,11.3012
glass,ls,squared,97,1,0.544601,0.29659,84,0.992248,0.605634,0.361128,14.4422
iris,ls,weight,21,1,0.858108,0.929054,16,1,0.891892,0.945946,1.37748
iris,ls,squared,20,1,0.866667,0.751111,16,1,0.893333,0.798044,1.36352
iris,ls,eul,19,1,0.873333,0.811789,14,0.992647,0.906667,0.849456,1.26233
blogger,ls,weight,22,1,0.607143,0.803571,22,1,0.607143,0.803571,0.377207
blogger,ls,eul,22,1,0.607143,0.486056,22,1,0.607143,0.486056,0.376618
blogger,ls,squared,22,1,0.607143,0.368622,22,1,0.607143,0.368622,0.376958
glass,ls,weight,98,1,0.539906,0.769953,89,1,0.58216,0.79108,1.55249
glass,ls,eul,103,1,0.516432,0.393438,86,0.992126,0.596244,0.469531,2.5037
glass,ls,squared,99,1,0.535211,0.286451,85,0.992188,0.600939,0.355507,2.06565
iris,ls,weight,21,1,0.86,0.93,16,1,0.893333,0.946667,0.261901
iris,ls,squared,17,1,0.886667,0.786178,14,0.992647,0.906667,0.81,0.242468
iris,ls,eul,17,1,0.886667,0.830497,14,0.992647,0.906667,0.849456,0.234937
blogger,ls,weight,25,1,0.489796,0.744898,22,1,0.55102,0.77551,0.063983
blogger,ls,eul,25,1,0.489796,0.3678,21,0.964286,0.571429,0.427767,0.064199
blogger,ls,squared,25,1,0.489796,0.2399,21,0.964286,0.571429,0.303624,0.064211
bcw,ls,weight,396,1,0.429395,0.714697,347,1,0.5,0.75,167.808
bcw,ls,eul,396,1,0.429395,0.31213,311,0.955614,0.551873,0.404173,234.288
bcw,ls,squared,395,1,0.430014,0.184912,309,0.953125,0.554113,0.27893,238.828
australian,ls,weight,363,1,0.473913,0.736957,306,1,0.556522,0.778261,206.41
australian,ls,eul,366,1,0.469565,0.348778,287,0.977668,0.584058,0.448159,243.929
australian,ls,squared,365,1,0.471014,0.221855,241,0.933185,0.650725,0.368748,366.234
pima,ls,weight,397,1,0.483073,0.741536,334,1,0.565104,0.782552,301.262
pima,ls,eul,398,1,0.481771,0.360208,301,0.965739,0.608073,0.465009,390.709
pima,ls,squared,399,1,0.480469,0.23085,322,0.988789,0.580729,0.329727,426.267
glass,ls,weight,97,1,0.544601,0.7723,88,1,0.586854,0.793427,1.53109
glass,ls,eul,102,1,0.521127,0.398028,84,0.976744,0.605634,0.469531,2.35893
glass,ls,squared,99,1,0.535211,0.286451,86,0.984252,0.596244,0.344398,2.11551
iris,ls,weight,20,1,0.866667,0.933333,17,1,0.886667,0.943333,0.286288
iris,ls,squared,20,1,0.866667,0.751111,17,1,0.886667,0.786178,0.28458
iris,ls,eul,20,1,0.866667,0.802528,17,1,0.886667,0.830497,0.286012
blogger,ls,weight,22,1,0.592593,0.796296,22,1,0.592593,0.796296,0.067794
blogger,ls,eul,22,1,0.592593,0.470628,22,1,0.592593,0.470628,0.067436
blogger,ls,squared,22,1,0.592593,0.351166,22,1,0.592593,0.351166,0.067382
bcw,ls,weight,398,1,0.425685,0.712843,347,1,0.499278,0.749639,171.013
glass,ls,weight,100,1,0.530516,0.765258,91,1,0.57277,0.786385,0.981888
glass,ls,eul,96,1,0.549296,0.426027,86,0.992126,0.596244,0.469531,1.28823
glass,ls,squared,99,1,0.535211,0.286451,82,0.961832,0.615023,0.349931,0.966702
iris,ls,weight,21,1,0.85906,0.92953,17,1,0.885906,0.942953,0.165151
iris,ls,squared,21,1,0.85906,0.737985,16,0.992481,0.892617,0.78483,0.156742
iris,ls,eul,20,1,0.865772,0.80129,14,1,0.90604,0.858128,0.192677
blogger,ls,weight,26,1,0.5,0.75,23,1,0.557692,0.778846,0.050821
blogger,ls,eul,26,1,0.5,0.377541,23,1,0.557692,0.434526,0.049916
blogger,ls,squared,26,1,0.5,0.25,23,1,0.557692,0.311021,0.051765
bcw,ls,weight,399,1,0.424242,0.712121,349,1,0.496392,0.748196,126.665
bcw,ls,eul,400,1,0.422799,0.306253,313,0.955263,0.548341,0.400661,150.152
bcw,ls,squared,404,1,0.417867,0.174613,281,0.932203,0.595101,0.307753,246.231
australian,ls,weight,366,1,0.469565,0.734783,308,1,0.553623,0.776812,138.841
australian,ls,eul,364,1,0.472464,0.35148,302,0.989691,0.562319,0.433337,168.189
australian,ls,squared,363,1,0.473913,0.224594,276,0.963768,0.6,0.334386,218.484
pima,ls,weight,398,1,0.481771,0.740885,334,1,0.565104,0.782552,220.832
pima,ls,eul,394,1,0.486979,0.365128,316,0.986726,0.588542,0.458215,226.703
pima,ls,squared,398,1,0.481771,0.232103,310,0.975983,0.596354,0.33876,250.622
glass,ls,weight,99,1,0.535211,0.767606,87,1,0.591549,0.795775,1.24685
glass,ls,eul,100,1,0.530516,0.407274,88,0.992,0.586854,0.459704,1.34743
glass,ls,squared,102,1,0.521127,0.271573,86,0.976378,0.596244,0.33891,1.60914
iris,ls,weight,17,1,0.886667,0.943333,16,1,0.893333,0.946667,0.157739
iris,ls,squared,17,1,0.886667,0.786178,16,1,0.893333,0.798044,0.158692
iris,ls,eul,19,1,0.873333,0.811789,16,1,0.893333,0.839945,0.197879
blogger,ls,weight,26,1,0.5,0.75,24,1,0.538462,0.769231,0.048086
blogger,ls,eul,26,1,0.5,0.377541,24,1,0.538462,0.415165,0.050011
blogger,ls,squared,26,1,0.5,0.25,20,0.9375,0.615385,0.33284,0.054552
bcw,ls,weight,396,1,0.428571,0.714286,347,1,0.499278,0.749639,112.063
bcw,ls,eul,399,1,0.424242,0.307535,322,0.967655,0.535354,0.395005,157.906
bcw,ls,squared,400,1,0.422799,0.178759,317,0.962766,0.542569,0.272867,187.908
australian,ls,weight,363,1,0.473913,0.736957,308,1,0.553623,0.776812,136.43
australian,ls,eul,364,1,0.472464,0.35148,288,0.975124,0.582609,0.445177,146.333
australian,ls,squared,366,1,0.469565,0.220491,269,0.952494,0.610145,0.337746,207.086
pima,ls,weight,399,1,0.480469,0.740234,335,1,0.563802,0.781901,193.456
pima,ls,eul,399,1,0.480469,0.358982,313,0.978022,0.592448,0.456861,258.88
pima,ls,squared,398,1,0.481771,0.232103,316,0.977876,0.588542,0.331224,270.893
glass,ls,weight,97,1,0.544601,0.7723,88,1,0.586854,0.793427,1.29655
glass,ls,eul,102,1,0.521127,0.398028,88,0.984,0.586854,0.454825,1.38625
glass,ls,squared,103,1,0.516432,0.266702,82,0.961832,0.615023,0.349931,1.79457
iris,ls,weight,20,1,0.866667,0.933333,16,1,0.893333,0.946667,0.181129
iris,ls,squared,20,1,0.866667,0.751111,16,1,0.893333,0.798044,0.186027
iris,ls,eul,20,1,0.866667,0.802528,16,1,0.893333,0.839945,0.180069
blogger,ls,weight,25,1,0.509804,0.754902,22,1,0.568627,0.784314,0.048453
blogger,ls,eul,25,1,0.509804,0.386994,22,1,0.568627,0.445703,0.048405
blogger,ls,squared,25,1,0.509804,0.2599,21,1,0.588235,0.346021,0.053353
bcw,ls,weight,391,1,0.43741,0.718705,344,1,0.505036,0.752518,101.729
bcw,ls,eul,400,1,0.423631,0.306992,316,0.960317,0.544669,0.39992,188.796
bcw,ls,squared,399,1,0.425072,0.180686,299,0.939241,0.569164,0.285778,208.567
australian,ls,weight,365,1,0.471014,0.735507,308,1,0.553623,0.776812,147.109
australian,ls,eul,364,1,0.472464,0.35148,301,0.989717,0.563768,0.434809,153.305
australian,ls,squared,364,1,0.472464,0.223222,268,0.959716,0.611594,0.344518,207.929
pima,ls,weight,402,1,0.476562,0.738281,338,1,0.559896,0.779948,187.712
pima,ls,eul,401,1,0.477865,0.356535,302,0.972103,0.606771,0.467739,272.478
pima,ls,squared,397,1,0.483073,0.233359,316,0.986726,0.588542,0.337246,252.29
glass,ls,weight,102,1,0.521127,0.760563,91,1,0.57277,0.786385,1.34581
glass,ls,eul,99,1,0.535211,0.411929,88,0.992,0.586854,0.459704,1.21274
glass,ls,squared,99,1,0.535211,0.286451,85,0.992188,0.600939,0.355507,1.74147
iris,ls,weight,21,1,0.86,0.93,16,1,0.893333,0.946667,0.186258
iris,ls,squared,21,1,0.86,0.7396,16,1,0.893333,0.798044,0.187255
iris,ls,eul,21,1,0.86,0.793329,16,1,0.893333,0.839945,0.186196
blogger,ls,weight,25,1,0.528302,0.764151,23,1,0.566038,0.783019,0.047625
blogger,ls,eul,25,1,0.528302,0.405085,23,1,0.566038,0.443045,0.048519
blogger,ls,squared,25,1,0.528302,0.279103,22,0.967742,0.584906,0.320399,0.049475
bcw,ls,weight,404,1,0.417027,0.708514,347,1,0.499278,0.749639,117.831
bcw,ls,eul,398,1,0.425685,0.30882,317,0.960106,0.542569,0.397829,156.917
bcw,ls,squared,403,1,0.41847,0.175117,300,0.951654,0.5671,0.291257,203.406
australian,ls,weight,361,1,0.476812,0.738406,306,1,0.556522,0.778261,148.96
australian,ls,eul,362,1,0.475362,0.35419,299,0.98977,0.566667,0.437761,164.47
australian,ls,squared,364,1,0.472464,0.223222,276,0.963768,0.6,0.334386,216.97
pima,ls,weight,398,1,0.481771,0.740885,335,1,0.563802,0.781901,218.28
pima,ls,eul,402,1,0.476562,0.355314,325,0.990971,0.576823,0.448777,289.164
pima,ls,squared,401,1,0.477865,0.228355,328,0.993182,0.572917,0.323773,305.496
glass,ls,weight,98,1,0.539906,0.769953,87,1,0.591549,0.795775,1.2267
glass,ls,eul,99,1,0.535211,0.411929,86,0.984252,0.596244,0.464606,1.25181
glass,ls,squared,100,1,0.530516,0.281448,88,1,0.586854,0.344398,1.86545
iris,ls,weight,20,1,0.866667,0.933333,16,1,0.893333,0.946667,0.161818
iris,ls,squared,20,1,0.866667,0.751111,16,1,0.893333,0.798044,0.161501
iris,ls,eul,21,1,0.86,0.793329,16,1,0.893333,0.839945,0.219802
blogger,ls,weight,24,1,0.538462,0.769231,22,1,0.576923,0.788462,0.055285
blogger,ls,eul,24,1,0.538462,0.415165,22,1,0.576923,0.454263,0.050621
blogger,ls,squared,24,1,0.538462,0.289941,22,1,0.576923,0.33284,0.050587
bcw,ls,weight,393,1,0.433718,0.716859,347,1,0.5,0.75,116.334
bcw,ls,eul,396,1,0.429395,0.31213,313,0.955381,0.548991,0.401335,145.333
bcw,ls,squared,398,1,0.425685,0.181208,314,0.957784,0.546898,0.274376,179.401
australian,ls,weight,361,1,0.476812,0.738406,307,1,0.555072,0.777536,139.596
australian,ls,eul,364,1,0.472464,0.35148,301,0.989717,0.563768,0.434809,163.689
australian,ls,squared,364,1,0.472464,0.223222,261,0.948718,0.621739,0.347929,239.748
pima,ls,weight,398,1,0.481771,0.740885,336,1,0.5625,0.78125,197.698
pima,ls,eul,396,1,0.484375,0.362665,316,0.986726,0.588542,0.458215,252.499
pima,ls,squared,397,1,0.483073,0.233359,322,0.988789,0.580729,0.329727,257.721
glass,ls,weight,98,1,0.539906,0.769953,87,1,0.591549,0.795775,1.0584
glass,ls,eul,97,1,0.544601,0.421305,88,0.984,0.586854,0.454825,1.23551
glass,ls,squared,100,1,0.530516,0.281448,86,0.976378,0.596244,0.33891,1.524
iris,ls,weight,21,1,0.85906,0.92953,16,1,0.892617,0.946309,0.1757
iris,ls,squared,21,1,0.85906,0.737985,14,1,0.90604,0.820909,0.220887
iris,ls,eul,21,1,0.85906,0.792037,14,1,0.90604,0.858128,0.223901
blogger,ls,weight,26,1,0.5,0.75,24,1,0.538462,0.769231,0.047963
blogger,ls,eul,26,1,0.5,0.377541,24,1,0.538462,0.415165,0.046892
blogger,ls,squared,26,1,0.5,0.25,24,1,0.538462,0.289941,0.052156
bcw,ls,weight,399,1,0.424242,0.712121,347,1,0.499278,0.749639,142.431
bcw,ls,eul,396,1,0.428571,0.311395,315,0.960317,0.545455,0.400661,151.376
bcw,ls,squared,402,1,0.419913,0.176327,308,0.953247,0.555556,0.280457,221.165
australian,ls,weight,366,1,0.469565,0.734783,308,1,0.553623,0.776812,131.92
australian,ls,eul,361,1,0.476812,0.355547,300,0.989744,0.565217,0.436284,160.573
australian,ls,squared,364,1,0.472464,0.223222,271,0.957041,0.607246,0.337746,214.5
pima,ls,weight,402,1,0.476562,0.738281,335,1,0.563802,0.781901,223.142
pima,ls,eul,401,1,0.477865,0.356535,326,0.99095,0.575521,0.447436,246.31
pima,ls,squared,398,1,0.481771,0.232103,322,0.986547,0.580729,0.328234,290.602
glass,ls,weight,101,1,0.525822,0.762911,90,1,0.577465,0.788732,1.43359
glass,ls,eul,99,1,0.535211,0.411929,88,0.992,0.586854,0.459704,1.22329
glass,ls,squared,102,1,0.521127,0.271573,86,0.984252,0.596244,0.344398,1.678
iris,ls,weight,18,1,0.879195,0.939597,17,1,0.885906,0.942953,0.163642
iris,ls,squared,18,1,0.879195,0.772983,14,1,0.90604,0.820909,0.192586
iris,ls,eul,19,1,0.873333,0.811789,11,0.992806,0.926667,0.878373,0.186855
blogger,ls,weight,25,1,0.509804,0.754902,22,1,0.568627,0.784314,0.050883
blogger,ls,eul,25,1,0.509804,0.386994,22,1,0.568627,0.445703,0.050505
blogger,ls,squared,25,1,0.509804,0.2599,16,0.942857,0.686275,0.418685,0.054332
bcw,ls,weight,407,1,0.412698,0.706349,347,1,0.499278,0.749639,149.018
bcw,ls,eul,400,1,0.422799,0.306253,322,0.967655,0.535354,0.395005,173.401
bcw,ls,squared,398,1,0.425685,0.181208,301,0.943878,0.565657,0.28506,203.274
australian,ls,weight,364,1,0.472464,0.736232,306,1,0.556522,0.778261,142.202
australian,ls,eul,363,1,0.473913,0.352834,301,0.989717,0.563768,0.434809,166.815
australian,ls,squared,364,1,0.472464,0.223222,261,0.948718,0.621739,0.347929,213.316
pima,ls,weight,395,1,0.485677,0.742839,334,1,0.565104,0.782552,186.936
pima,ls,eul,397,1,0.483073,0.361436,327,0.99093,0.574219,0.446096,214.897
pima,ls,squared,396,1,0.484375,0.234619,316,0.986726,0.588542,0.337246,257.949
glass,ls,weight,99,1,0.535211,0.767606,87,1,0.591549,0.795775,1.28504
glass,ls,eul,97,1,0.544601,0.421305,84,0.976744,0.605634,0.469531,1.28281
glass,ls,squared,97,1,0.544601,0.29659,86,0.992126,0.596244,0.349931,1.56116
iris,ls,weight,20,1,0.866667,0.933333,15,1,0.9,0.95,0.17625
iris,ls,squared,20,1,0.866667,0.751111,13,0.992701,0.913333,0.822044,0.165822
iris,ls,eul,21,1,0.86,0.793329,16,1,0.893333,0.839945,0.164604
blogger,ls,weight,25,1,0.545455,0.772727,22,1,0.6,0.8,0.055723
blogger,ls,eul,25,1,0.545455,0.422162,19,0.972222,0.654545,0.517725,0.057732
blogger,ls,squared,25,1,0.545455,0.297521,18,0.945946,0.672727,0.404959,0.057176
bcw,ls,weight,395,1,0.430014,0.715007,347,1,0.499278,0.749639,124.061
bcw,ls,eul,400,1,0.422799,0.306253,322,0.967655,0.535354,0.395005,157.119
bcw,ls,squared,399,1,0.424242,0.179982,295,0.949749,0.574315,0.297521,220.259
australian,ls,weight,365,1,0.471014,0.735507,308,1,0.553623,0.776812,148.014
australian,ls,eul,366,1,0.469565,0.348778,304,0.989637,0.55942,0.430398,152.094
australian,ls,squared,360,1,0.478261,0.228733,261,0.951049,0.621739,0.349641,227.902
pima,ls,weight,402,1,0.476562,0.738281,336,1,0.5625,0.78125,234.299
pima,ls,eul,396,1,0.484375,0.362665,320,0.984375,0.583333,0.451465,242.752
pima,ls,squared,399,1,0.480469,0.23085,325,0.988713,0.576823,0.325256,280.329
glass,ls,weight,102,1,0.521127,0.760563,90,1,0.577465,0.788732,1.52999
glass,ls,eul,98,1,0.539906,0.416606,88,0.992,0.586854,0.459704,1.19809
glass,ls,squared,103,1,0.516432,0.266702,86,0.992126,0.596244,0.349931,1.89753
iris,ls,weight,20,1,0.866667,0.933333,16,1,0.893333,0.946667,0.162862
iris,ls,squared,20,1,0.866667,0.751111,16,1,0.893333,0.798044,0.16061
iris,ls,eul,20,1,0.866667,0.802528,16,1,0.893333,0.839945,0.160589
blogger,ls,weight,25,1,0.528302,0.764151,23,1,0.566038,0.783019,0.049504
blogger,ls,eul,25,1,0.528302,0.405085,23,1,0.566038,0.443045,0.049305
blogger,ls,squared,25,1,0.528302,0.279103,22,0.967742,0.584906,0.320399,0.050129
bcw,ls,weight,395,1,0.430836,0.715418,346,1,0.501441,0.750721,114.529
bcw,ls,eul,402,1,0.419913,0.303693,317,0.960106,0.542569,0.397829,184.409
bcw,ls,squared,398,1,0.426513,0.181913,296,0.949749,0.573487,0.296664,198.43
australian,ls,weight,363,1,0.473913,0.736957,307,1,0.555072,0.777536,127.118
australian,ls,eul,366,1,0.469565,0.348778,301,0.989717,0.563768,0.434809,175.971
australian,ls,squared,362,1,0.475362,0.225969,255,0.947126,0.630435,0.35653,236.056
pima,ls,weight,400,1,0.479167,0.739583,335,1,0.563802,0.781901,190.605
pima,ls,eul,400,1,0.479167,0.357758,328,0.990909,0.572917,0.444758,250.102
pima,ls,squared,400,1,0.479167,0.229601,316,0.982301,0.588542,0.334229,262.485
